Gwyddion resource GwyGradient
0.0 0.0 0.135112 0.304751 1
0.00392156862745098 0.0 0.138068 0.311105 1
0.00784313725490196 0.0 0.141013 0.317579 1
0.011764705882352941 0.0 0.143951 0.323982 1
0.01568627450980392 0.0 0.146877 0.330479 1
0.0196078431372549 0.0 0.149791 0.337065 1
0.023529411764705882 0.0 0.152673 0.343704 1
0.027450980392156862 0.0 0.155377 0.3505 1
0.03137254901960784 0.0 0.157932 0.357521 1
0.03529411764705882 0.0 0.160495 0.364534 1
0.0392156862745098 0.0 0.163058 0.371608 1
0.043137254901960784 0.0 0.165621 0.378769 1
0.047058823529411764 0.0 0.168204 0.385902 1
0.050980392156862744 0.0 0.1708 0.3931 1
0.054901960784313725 0.0 0.17342 0.400353 1
0.058823529411764705 0.0 0.176082 0.407577 1
0.06274509803921569 0.0 0.178802 0.414764 1
0.06666666666666667 0.0 0.18161 0.421859 1
0.07058823529411765 0.0 0.18455 0.428802 1
0.07450980392156863 0.0 0.186915 0.435532 1
0.0784313725490196 0.0 0.188769 0.439563 1
0.08235294117647059 0.0 0.19095 0.441085 1
0.08627450980392157 0.0 0.193366 0.441561 1
0.09019607843137255 0.003602 0.195911 0.441564 1
0.09411764705882353 0.017852 0.198528 0.441248 1
0.09803921568627451 0.03211 0.201199 0.440785 1
0.10196078431372549 0.046205 0.203903 0.440196 1
0.10588235294117647 0.058378 0.206629 0.439531 1
0.10980392156862745 0.068968 0.209372 0.438863 1
0.11372549019607843 0.078624 0.212122 0.438105 1
0.11764705882352941 0.087465 0.214879 0.437342 1
0.12156862745098039 0.095645 0.217643 0.436593 1
0.12549019607843137 0.103401 0.220406 0.43579 1
0.12941176470588234 0.110658 0.22317 0.435067 1
0.13333333333333333 0.117612 0.225935 0.434308 1
0.13725490196078433 0.124291 0.228697 0.433547 1
0.1411764705882353 0.130669 0.231458 0.43284 1
0.14509803921568626 0.13683 0.234216 0.432148 1
0.14901960784313725 0.142852 0.236972 0.431404 1
0.15294117647058825 0.148638 0.239724 0.430752 1
0.1568627450980392 0.154261 0.242475 0.43012 1
0.16078431372549018 0.159733 0.245221 0.429528 1
0.16470588235294117 0.165113 0.247965 0.428908 1
0.16862745098039217 0.170362 0.250707 0.428325 1
0.17254901960784313 0.17549 0.253444 0.42779 1
0.1764705882352941 0.180503 0.25618 0.427299 1
0.1803921568627451 0.185453 0.258914 0.426788 1
0.1843137254901961 0.190303 0.261644 0.426329 1
0.18823529411764706 0.195057 0.264372 0.425924 1
0.19215686274509802 0.199764 0.267099 0.425497 1
0.19607843137254902 0.204385 0.269823 0.425126 1
0.2 0.208926 0.272546 0.424809 1
0.20392156862745098 0.213431 0.275266 0.42448 1
0.20784313725490194 0.217863 0.277985 0.424206 1
0.21176470588235294 0.222264 0.280702 0.423914 1
0.21568627450980393 0.226598 0.283419 0.423678 1
0.2196078431372549 0.230871 0.286134 0.423498 1
0.22352941176470587 0.23512 0.288848 0.423304 1
0.22745098039215686 0.239312 0.291562 0.423167 1
0.23137254901960785 0.243485 0.294274 0.423014 1
0.23529411764705882 0.247605 0.296986 0.422917 1
0.2392156862745098 0.251675 0.299698 0.422873 1
0.24313725490196078 0.255731 0.302409 0.422814 1
0.24705882352941178 0.25974 0.30512 0.42281 1
0.25098039215686274 0.263738 0.307831 0.422789 1
0.2549019607843137 0.267693 0.310542 0.422821 1
0.2588235294117647 0.271639 0.313253 0.422837 1
0.2627450980392157 0.275513 0.315965 0.422979 1
0.26666666666666666 0.279411 0.318677 0.423031 1
0.27058823529411763 0.28324 0.32139 0.423211 1
0.27450980392156865 0.287065 0.324103 0.423373 1
0.2784313725490196 0.290884 0.326816 0.423517 1
0.2823529411764706 0.294669 0.329531 0.423716 1
0.28627450980392155 0.298421 0.332247 0.423973 1
0.2901960784313725 0.302169 0.334963 0.424213 1
0.29411764705882354 0.305886 0.337681 0.424512 1
0.2980392156862745 0.309601 0.340399 0.42479 1
0.30196078431372547 0.313287 0.34312 0.42512 1
0.3058823529411765 0.316941 0.345842 0.425512 1
0.30980392156862746 0.320595 0.348565 0.425889 1
0.3137254901960784 0.32425 0.351289 0.42625 1
0.3176470588235294 0.327875 0.354016 0.42667 1
0.32156862745098036 0.331474 0.356744 0.427144 1
0.3254901960784314 0.335073 0.359474 0.427605 1
0.32941176470588235 0.338673 0.362206 0.428053 1
0.3333333333333333 0.342246 0.364939 0.428559 1
0.33725490196078434 0.345793 0.367676 0.429127 1
0.3411764705882353 0.349341 0.370414 0.429685 1
0.34509803921568627 0.352892 0.373153 0.430226 1
0.34901960784313724 0.356418 0.375896 0.430823 1
0.3529411764705882 0.359916 0.378641 0.431501 1
0.3568627450980392 0.363446 0.381388 0.432075 1
0.3607843137254902 0.366923 0.384139 0.432796 1
0.36470588235294116 0.37043 0.38689 0.433428 1
0.3686274509803922 0.373884 0.389646 0.434209 1
0.37254901960784315 0.377371 0.392404 0.43489 1
0.3764705882352941 0.38083 0.395164 0.435653 1
0.3803921568627451 0.384268 0.397928 0.436475 1
0.38431372549019605 0.387705 0.400694 0.437305 1
0.38823529411764707 0.391151 0.403464 0.438096 1
0.39215686274509803 0.394568 0.406236 0.438986 1
0.396078431372549 0.397991 0.409011 0.439848 1
0.4 0.401418 0.41179 0.440708 1
0.403921568627451 0.40482 0.414572 0.441642 1
0.40784313725490196 0.408226 0.417357 0.44257 1
0.4117647058823529 0.411607 0.420145 0.443577 1
0.4156862745098039 0.414992 0.422937 0.444578 1
0.4196078431372549 0.418383 0.425733 0.44556 1
0.4235294117647059 0.421748 0.428531 0.44664 1
0.42745098039215684 0.42512 0.431334 0.447692 1
0.43137254901960786 0.428462 0.43414 0.448864 1
0.43529411764705883 0.431817 0.43695 0.449982 1
0.4392156862745098 0.435168 0.439763 0.451134 1
0.44313725490196076 0.438504 0.44258 0.452341 1
0.44705882352941173 0.44181 0.445402 0.453659 1
0.45098039215686275 0.445148 0.448226 0.454885 1
0.4549019607843137 0.448447 0.451053 0.456264 1
0.4588235294117647 0.451759 0.453887 0.457582 1
0.4627450980392157 0.455072 0.456718 0.458976 1
0.4666666666666667 0.458366 0.459552 0.460457 1
0.47058823529411764 0.461616 0.462405 0.461969 1
0.4745098039215686 0.464947 0.465241 0.463395 1
0.4784313725490196 0.468254 0.468083 0.464908 1
0.4823529411764706 0.471501 0.47096 0.466357 1
0.48627450980392156 0.474812 0.473832 0.467681 1
0.49019607843137253 0.478186 0.476699 0.468845 1
0.49411764705882355 0.481622 0.479573 0.469767 1
0.4980392156862745 0.485141 0.482451 0.470384 1
0.5019607843137255 0.488697 0.485318 0.471008 1
0.5058823529411764 0.492278 0.488198 0.471453 1
0.5098039215686274 0.495913 0.491076 0.471751 1
0.5137254901960784 0.499552 0.49396 0.472032 1
0.5176470588235293 0.503185 0.496851 0.472305 1
0.5215686274509804 0.506866 0.499743 0.472432 1
0.5254901960784314 0.51054 0.502643 0.47255 1
0.5294117647058824 0.514226 0.505546 0.47264 1
0.5333333333333333 0.51792 0.508454 0.472707 1
0.5372549019607843 0.521643 0.511367 0.472639 1
0.5411764705882353 0.525348 0.514285 0.47266 1
0.5450980392156862 0.529086 0.517207 0.472543 1
0.5490196078431373 0.532829 0.520135 0.472401 1
0.5529411764705883 0.536553 0.523067 0.472352 1
0.5568627450980392 0.540307 0.526005 0.472163 1
0.5607843137254902 0.544069 0.528948 0.471947 1
0.5647058823529412 0.54784 0.531895 0.471704 1
0.5686274509803921 0.551612 0.534849 0.471439 1
0.5725490196078431 0.555393 0.537807 0.471147 1
0.5764705882352941 0.559181 0.540771 0.470829 1
0.580392156862745 0.562972 0.543741 0.470488 1
0.5843137254901961 0.566802 0.546715 0.469988 1
0.5882352941176471 0.570607 0.549695 0.469593 1
0.592156862745098 0.574417 0.552682 0.469172 1
0.596078431372549 0.578236 0.555673 0.468724 1
0.6 0.582087 0.55867 0.468118 1
0.6039215686274509 0.585916 0.561674 0.467618 1
0.6078431372549019 0.589753 0.564682 0.46709 1
0.611764705882353 0.593622 0.567697 0.466401 1
0.615686274509804 0.597469 0.570718 0.465821 1
0.6196078431372549 0.601354 0.573743 0.465074 1
0.6235294117647059 0.605211 0.576777 0.464441 1
0.6274509803921569 0.609105 0.579816 0.463638 1
0.6313725490196078 0.612977 0.582861 0.46295 1
0.6352941176470588 0.616852 0.585913 0.462237 1
0.6392156862745098 0.620765 0.58897 0.461351 1
0.6431372549019607 0.624654 0.592034 0.460583 1
0.6470588235294118 0.628576 0.595104 0.459641 1
0.6509803921568628 0.632506 0.59818 0.458668 1
0.6549019607843137 0.636412 0.601264 0.457818 1
0.6588235294117647 0.640352 0.604354 0.456791 1
0.6627450980392157 0.64427 0.60745 0.455886 1
0.6666666666666666 0.648222 0.610553 0.454801 1
0.6705882352941176 0.652178 0.613664 0.453689 1
0.6745098039215687 0.656114 0.61678 0.452702 1
0.6784313725490196 0.660082 0.619904 0.451534 1
0.6823529411764706 0.664055 0.623034 0.450338 1
0.6862745098039216 0.668008 0.626171 0.44927 1
0.6901960784313725 0.671991 0.629316 0.448018 1
0.6941176470588235 0.675981 0.632468 0.446736 1
0.6980392156862745 0.679979 0.635626 0.445424 1
0.7019607843137254 0.68395 0.638793 0.444251 1
0.7058823529411764 0.687957 0.641966 0.442886 1
0.7098039215686275 0.691971 0.645145 0.441491 1
0.7137254901960784 0.695985 0.648334 0.440072 1
0.7176470588235294 0.700008 0.651529 0.438624 1
0.7215686274509804 0.704037 0.654731 0.437147 1
0.7254901960784313 0.708067 0.657942 0.435647 1
0.7294117647058823 0.712105 0.66116 0.434117 1
0.7333333333333333 0.716177 0.664384 0.432386 1
0.7372549019607844 0.720222 0.667618 0.430805 1
0.7411764705882353 0.724274 0.670859 0.429194 1
0.7450980392156863 0.728334 0.674107 0.427554 1
0.7490196078431373 0.732422 0.677364 0.425717 1
0.7529411764705882 0.736488 0.680629 0.424028 1
0.7568627450980392 0.740589 0.6839 0.422131 1
0.7607843137254902 0.744664 0.687181 0.420393 1
0.7647058823529411 0.748772 0.69047 0.418448 1
0.7686274509803921 0.752886 0.693766 0.416472 1
0.7725490196078432 0.756975 0.697071 0.414659 1
0.7764705882352941 0.761096 0.700384 0.412638 1
0.7803921568627451 0.765223 0.703705 0.410587 1
0.7843137254901961 0.769353 0.707035 0.408516 1
0.788235294117647 0.773486 0.710373 0.406422 1
0.792156862745098 0.777651 0.713719 0.404112 1
0.796078431372549 0.781795 0.717074 0.401966 1
0.8 0.785965 0.720438 0.399613 1
0.803921568627451 0.790116 0.72381 0.397423 1
0.807843137254902 0.794298 0.72719 0.395016 1
0.8117647058823529 0.79848 0.73058 0.392597 1
0.8156862745098039 0.802667 0.733978 0.390153 1
0.8196078431372549 0.806859 0.737385 0.387684 1
0.8235294117647058 0.811054 0.740801 0.385198 1
0.8274509803921568 0.815274 0.744226 0.382504 1
0.8313725490196078 0.819499 0.747659 0.379785 1
0.8352941176470589 0.823729 0.751101 0.377043 1
0.8392156862745098 0.827959 0.754553 0.374292 1
0.8431372549019608 0.832192 0.758014 0.371529 1
0.8470588235294118 0.836429 0.761483 0.368747 1
0.8509803921568627 0.840693 0.764962 0.365746 1
0.8549019607843137 0.844957 0.76845 0.362741 1
0.8588235294117647 0.849223 0.771947 0.359729 1
0.8627450980392157 0.853515 0.775454 0.3565 1
0.8666666666666667 0.857809 0.778969 0.353259 1
0.8705882352941177 0.862105 0.782494 0.350011 1
0.8745098039215686 0.866421 0.786028 0.346571 1
0.8784313725490196 0.870717 0.789572 0.343333 1
0.8823529411764706 0.875057 0.793125 0.339685 1
0.8862745098039215 0.879378 0.796687 0.336241 1
0.8901960784313725 0.88372 0.800258 0.332599 1
0.8941176470588235 0.888081 0.803839 0.32877 1
0.8980392156862745 0.89244 0.80743 0.324968 1
0.9019607843137255 0.896818 0.81103 0.320982 1
0.9058823529411765 0.901195 0.814639 0.317021 1
0.9098039215686274 0.905589 0.818257 0.312889 1
0.9137254901960784 0.91 0.821885 0.308594 1
0.9176470588235294 0.914407 0.825522 0.304348 1
0.9215686274509803 0.918828 0.829168 0.29996 1
0.9254901960784314 0.923279 0.832822 0.295244 1
0.9294117647058824 0.927724 0.836486 0.290611 1
0.9333333333333333 0.93218 0.840159 0.28588 1
0.9372549019607843 0.93666 0.843841 0.280876 1
0.9411764705882353 0.941147 0.84753 0.275815 1
0.9450980392156862 0.945654 0.851228 0.270532 1
0.9490196078431372 0.950178 0.854933 0.265085 1
0.9529411764705882 0.954725 0.858646 0.259365 1
0.9568627450980391 0.959284 0.862365 0.253563 1
0.9607843137254902 0.963872 0.866089 0.247445 1
0.9647058823529412 0.968469 0.869819 0.24131 1
0.9686274509803922 0.973114 0.87355 0.234677 1
0.9725490196078431 0.97778 0.877281 0.227954 1
0.9764705882352941 0.982497 0.881008 0.220878 1
0.9803921568627451 0.987293 0.884718 0.213336 1
0.984313725490196 0.992218 0.888385 0.205468 1
0.9882352941176471 0.994847 0.892954 0.203445 1
0.9921568627450981 0.995249 0.898384 0.207561 1
0.996078431372549 0.995503 0.903866 0.21237 1
1.0 0.995737 0.909344 0.217772 1
