Gwyddion resource GwyGradient
0.0 0.001462 0.000466 0.013866 1
0.00392156862745098 0.002267 0.00127 0.01857 1
0.00784313725490196 0.003299 0.002249 0.024239 1
0.011764705882352941 0.004547 0.003392 0.030909 1
0.01568627450980392 0.006006 0.004692 0.038558 1
0.0196078431372549 0.007676 0.006136 0.046836 1
0.023529411764705882 0.009561 0.007713 0.055143 1
0.027450980392156862 0.011663 0.009417 0.06346 1
0.03137254901960784 0.013995 0.011225 0.071862 1
0.03529411764705882 0.016561 0.013136 0.080282 1
0.0392156862745098 0.019373 0.015133 0.088767 1
0.043137254901960784 0.022447 0.017199 0.097327 1
0.047058823529411764 0.025793 0.019331 0.10593 1
0.050980392156862744 0.029432 0.021503 0.114621 1
0.054901960784313725 0.033385 0.023702 0.123397 1
0.058823529411764705 0.037668 0.025921 0.132232 1
0.06274509803921569 0.042253 0.028139 0.141141 1
0.06666666666666667 0.046915 0.030324 0.150164 1
0.07058823529411765 0.051644 0.032474 0.159254 1
0.07450980392156863 0.056449 0.034569 0.168414 1
0.0784313725490196 0.06134 0.03659 0.177642 1
0.08235294117647059 0.066331 0.038504 0.186962 1
0.08627450980392157 0.071429 0.040294 0.196354 1
0.09019607843137255 0.076637 0.041905 0.205799 1
0.09411764705882353 0.081962 0.043328 0.215289 1
0.09803921568627451 0.087411 0.044556 0.224813 1
0.10196078431372549 0.09299 0.045583 0.234358 1
0.10588235294117647 0.098702 0.046402 0.243904 1
0.10980392156862745 0.104551 0.047008 0.25343 1
0.11372549019607843 0.110536 0.047399 0.262912 1
0.11764705882352941 0.116656 0.047574 0.272321 1
0.12156862745098039 0.122908 0.047536 0.281624 1
0.12549019607843137 0.129285 0.047293 0.290788 1
0.12941176470588234 0.135778 0.046856 0.299776 1
0.13333333333333333 0.142378 0.046242 0.308553 1
0.13725490196078433 0.149073 0.045468 0.317085 1
0.1411764705882353 0.15585 0.044559 0.325338 1
0.14509803921568626 0.162689 0.043554 0.333277 1
0.14901960784313725 0.169575 0.042489 0.340874 1
0.15294117647058825 0.176493 0.041402 0.348111 1
0.1568627450980392 0.183429 0.040329 0.354971 1
0.16078431372549018 0.190367 0.039309 0.361447 1
0.16470588235294117 0.197297 0.0384 0.367535 1
0.16862745098039217 0.204209 0.037632 0.373238 1
0.17254901960784313 0.211095 0.03703 0.378563 1
0.1764705882352941 0.217949 0.036615 0.383522 1
0.1803921568627451 0.224763 0.036405 0.388129 1
0.1843137254901961 0.231538 0.036405 0.3924 1
0.18823529411764706 0.238273 0.036621 0.396353 1
0.19215686274509802 0.244967 0.037055 0.400007 1
0.19607843137254902 0.25162 0.037705 0.403378 1
0.2 0.258234 0.038571 0.406485 1
0.20392156862745098 0.26481 0.039647 0.409345 1
0.20784313725490194 0.271347 0.040922 0.411976 1
0.21176470588235294 0.27785 0.042353 0.414392 1
0.21568627450980393 0.284321 0.043933 0.416608 1
0.2196078431372549 0.290763 0.045644 0.418637 1
0.22352941176470587 0.297178 0.04747 0.420491 1
0.22745098039215686 0.303568 0.049396 0.422182 1
0.23137254901960785 0.309935 0.051407 0.423721 1
0.23529411764705882 0.316282 0.05349 0.425116 1
0.2392156862745098 0.32261 0.055634 0.426377 1
0.24313725490196078 0.328921 0.057827 0.427511 1
0.24705882352941178 0.335217 0.06006 0.428524 1
0.25098039215686274 0.3415 0.062325 0.429425 1
0.2549019607843137 0.347771 0.064616 0.430217 1
0.2588235294117647 0.354032 0.066925 0.430906 1
0.2627450980392157 0.360284 0.069247 0.431497 1
0.26666666666666666 0.366529 0.071579 0.431994 1
0.27058823529411763 0.372768 0.073915 0.4324 1
0.27450980392156865 0.379001 0.076253 0.432719 1
0.2784313725490196 0.385228 0.078591 0.432955 1
0.2823529411764706 0.391453 0.080927 0.433109 1
0.28627450980392155 0.397674 0.083257 0.433183 1
0.2901960784313725 0.403894 0.08558 0.433179 1
0.29411764705882354 0.410113 0.087896 0.433098 1
0.2980392156862745 0.416331 0.090203 0.432943 1
0.30196078431372547 0.422549 0.092501 0.432714 1
0.3058823529411765 0.428768 0.09479 0.432412 1
0.30980392156862746 0.434987 0.097069 0.432039 1
0.3137254901960784 0.441207 0.099338 0.431594 1
0.3176470588235294 0.447428 0.101597 0.43108 1
0.32156862745098036 0.453651 0.103848 0.430498 1
0.3254901960784314 0.459875 0.106089 0.429846 1
0.32941176470588235 0.4661 0.108322 0.429125 1
0.3333333333333333 0.472328 0.110547 0.428334 1
0.33725490196078434 0.478558 0.112764 0.427475 1
0.3411764705882353 0.484789 0.114974 0.426548 1
0.34509803921568627 0.491022 0.117179 0.425552 1
0.34901960784313724 0.497257 0.119379 0.424488 1
0.3529411764705882 0.503493 0.121575 0.423356 1
0.3568627450980392 0.50973 0.123769 0.422156 1
0.3607843137254902 0.515967 0.12596 0.420887 1
0.36470588235294116 0.522206 0.12815 0.419549 1
0.3686274509803922 0.528444 0.130341 0.418142 1
0.37254901960784315 0.534683 0.132534 0.416667 1
0.3764705882352941 0.54092 0.134729 0.415123 1
0.3803921568627451 0.547157 0.136929 0.413511 1
0.38431372549019605 0.553392 0.139134 0.411829 1
0.38823529411764707 0.559624 0.141346 0.410078 1
0.39215686274509803 0.565854 0.143567 0.408258 1
0.396078431372549 0.572081 0.145797 0.406369 1
0.4 0.578304 0.148039 0.404411 1
0.403921568627451 0.584521 0.150294 0.402385 1
0.40784313725490196 0.590734 0.152563 0.40029 1
0.4117647058823529 0.59694 0.154848 0.398125 1
0.4156862745098039 0.603139 0.157151 0.395891 1
0.4196078431372549 0.60933 0.159474 0.393589 1
0.4235294117647059 0.615513 0.161817 0.391219 1
0.42745098039215684 0.621685 0.164184 0.388781 1
0.43137254901960786 0.627847 0.166575 0.386276 1
0.43529411764705883 0.633998 0.168992 0.383704 1
0.4392156862745098 0.640135 0.171438 0.381065 1
0.44313725490196076 0.64626 0.173914 0.378359 1
0.44705882352941173 0.652369 0.176421 0.375586 1
0.45098039215686275 0.658463 0.178962 0.372748 1
0.4549019607843137 0.66454 0.181539 0.369846 1
0.4588235294117647 0.670599 0.184153 0.366879 1
0.4627450980392157 0.676638 0.186807 0.363849 1
0.4666666666666667 0.682656 0.189501 0.360757 1
0.47058823529411764 0.688653 0.192239 0.357603 1
0.4745098039215686 0.694627 0.195021 0.354388 1
0.4784313725490196 0.700576 0.197851 0.351113 1
0.4823529411764706 0.7065 0.200728 0.347777 1
0.48627450980392156 0.712396 0.203656 0.344383 1
0.49019607843137253 0.718264 0.206636 0.340931 1
0.49411764705882355 0.724103 0.20967 0.337424 1
0.4980392156862745 0.729909 0.212759 0.333861 1
0.5019607843137255 0.735683 0.215906 0.330245 1
0.5058823529411764 0.741423 0.219112 0.326576 1
0.5098039215686274 0.747127 0.222378 0.322856 1
0.5137254901960784 0.752794 0.225706 0.319085 1
0.5176470588235293 0.758422 0.229097 0.315266 1
0.5215686274509804 0.76401 0.232554 0.311399 1
0.5254901960784314 0.769556 0.236077 0.307485 1
0.5294117647058824 0.775059 0.239667 0.303526 1
0.5333333333333333 0.780517 0.243327 0.299523 1
0.5372549019607843 0.785929 0.247056 0.295477 1
0.5411764705882353 0.791293 0.250856 0.29139 1
0.5450980392156862 0.796607 0.254728 0.287264 1
0.5490196078431373 0.801871 0.258674 0.283099 1
0.5529411764705883 0.807082 0.262692 0.278898 1
0.5568627450980392 0.812239 0.266786 0.274661 1
0.5607843137254902 0.817341 0.270954 0.27039 1
0.5647058823529412 0.822386 0.275197 0.266085 1
0.5686274509803921 0.827372 0.279517 0.26175 1
0.5725490196078431 0.832299 0.283913 0.257383 1
0.5764705882352941 0.837165 0.288385 0.252988 1
0.580392156862745 0.841969 0.292933 0.248564 1
0.5843137254901961 0.846709 0.297559 0.244113 1
0.5882352941176471 0.851384 0.30226 0.239636 1
0.592156862745098 0.855992 0.307038 0.235133 1
0.596078431372549 0.860533 0.311892 0.230606 1
0.6 0.865006 0.316822 0.226055 1
0.6039215686274509 0.869409 0.321827 0.221482 1
0.6078431372549019 0.873741 0.326906 0.216886 1
0.611764705882353 0.878001 0.33206 0.212268 1
0.615686274509804 0.882188 0.337287 0.207628 1
0.6196078431372549 0.886302 0.342586 0.202968 1
0.6235294117647059 0.890341 0.347957 0.198286 1
0.6274509803921569 0.894305 0.353399 0.193584 1
0.6313725490196078 0.898192 0.358911 0.18886 1
0.6352941176470588 0.902003 0.364492 0.184116 1
0.6392156862745098 0.905735 0.37014 0.17935 1
0.6431372549019607 0.90939 0.375856 0.174563 1
0.6470588235294118 0.912966 0.381636 0.169755 1
0.6509803921568628 0.916462 0.387481 0.164924 1
0.6549019607843137 0.919879 0.393389 0.16007 1
0.6588235294117647 0.923215 0.399359 0.155193 1
0.6627450980392157 0.92647 0.405389 0.150292 1
0.6666666666666666 0.929644 0.411479 0.145367 1
0.6705882352941176 0.932737 0.417627 0.140417 1
0.6745098039215687 0.935747 0.423831 0.13544 1
0.6784313725490196 0.938675 0.430091 0.130438 1
0.6823529411764706 0.941521 0.436405 0.125409 1
0.6862745098039216 0.944285 0.442772 0.120354 1
0.6901960784313725 0.946965 0.449191 0.115272 1
0.6941176470588235 0.949562 0.45566 0.110164 1
0.6980392156862745 0.952075 0.462178 0.105031 1
0.7019607843137254 0.954506 0.468744 0.099874 1
0.7058823529411764 0.956852 0.475356 0.094695 1
0.7098039215686275 0.959114 0.482014 0.089499 1
0.7137254901960784 0.961293 0.488716 0.084289 1
0.7176470588235294 0.963387 0.495462 0.079073 1
0.7215686274509804 0.965397 0.502249 0.073859 1
0.7254901960784313 0.967322 0.509078 0.068659 1
0.7294117647058823 0.969163 0.515946 0.063488 1
0.7333333333333333 0.970919 0.522853 0.058367 1
0.7372549019607844 0.97259 0.529798 0.053324 1
0.7411764705882353 0.974176 0.53678 0.048392 1
0.7450980392156863 0.975677 0.543798 0.043618 1
0.7490196078431373 0.977092 0.55085 0.03905 1
0.7529411764705882 0.978422 0.557937 0.034931 1
0.7568627450980392 0.979666 0.565057 0.031409 1
0.7607843137254902 0.980824 0.572209 0.028508 1
0.7647058823529411 0.981895 0.579392 0.02625 1
0.7686274509803921 0.982881 0.586606 0.024661 1
0.7725490196078432 0.983779 0.593849 0.02377 1
0.7764705882352941 0.984591 0.601122 0.023606 1
0.7803921568627451 0.985315 0.608422 0.024202 1
0.7843137254901961 0.985952 0.61575 0.025592 1
0.788235294117647 0.986502 0.623105 0.027814 1
0.792156862745098 0.986964 0.630485 0.030908 1
0.796078431372549 0.987337 0.63789 0.034916 1
0.8 0.987622 0.64532 0.039886 1
0.803921568627451 0.987819 0.652773 0.045581 1
0.807843137254902 0.987926 0.66025 0.05175 1
0.8117647058823529 0.987945 0.667748 0.058329 1
0.8156862745098039 0.987874 0.675267 0.065257 1
0.8196078431372549 0.987714 0.682807 0.072489 1
0.8235294117647058 0.987464 0.690366 0.07999 1
0.8274509803921568 0.987124 0.697944 0.087731 1
0.8313725490196078 0.986694 0.70554 0.095694 1
0.8352941176470589 0.986175 0.713153 0.103863 1
0.8392156862745098 0.985566 0.720782 0.112229 1
0.8431372549019608 0.984865 0.728427 0.120785 1
0.8470588235294118 0.984075 0.736087 0.129527 1
0.8509803921568627 0.983196 0.743758 0.138453 1
0.8549019607843137 0.982228 0.751442 0.147565 1
0.8588235294117647 0.981173 0.759135 0.156863 1
0.8627450980392157 0.980032 0.766837 0.166353 1
0.8666666666666667 0.978806 0.774545 0.176037 1
0.8705882352941177 0.977497 0.782258 0.185923 1
0.8745098039215686 0.976108 0.789974 0.196018 1
0.8784313725490196 0.974638 0.797692 0.206332 1
0.8823529411764706 0.973088 0.805409 0.216877 1
0.8862745098039215 0.971468 0.813122 0.227658 1
0.8901960784313725 0.969783 0.820825 0.238686 1
0.8941176470588235 0.968041 0.828515 0.249972 1
0.8980392156862745 0.966243 0.836191 0.261534 1
0.9019607843137255 0.964394 0.843848 0.273391 1
0.9058823529411765 0.962517 0.851476 0.285546 1
0.9098039215686274 0.960626 0.859069 0.29801 1
0.9137254901960784 0.95872 0.866624 0.31082 1
0.9176470588235294 0.956834 0.874129 0.323974 1
0.9215686274509803 0.954997 0.881569 0.337475 1
0.9254901960784314 0.953215 0.888942 0.351369 1
0.9294117647058824 0.951546 0.896226 0.365627 1
0.9333333333333333 0.950018 0.903409 0.380271 1
0.9372549019607843 0.948683 0.910473 0.395289 1
0.9411764705882353 0.947594 0.917399 0.410665 1
0.9450980392156862 0.946809 0.924168 0.426373 1
0.9490196078431372 0.946392 0.930761 0.442367 1
0.9529411764705882 0.946403 0.937159 0.458592 1
0.9568627450980391 0.946903 0.943348 0.47497 1
0.9607843137254902 0.947937 0.949318 0.491426 1
0.9647058823529412 0.949545 0.955063 0.50786 1
0.9686274509803922 0.95174 0.960587 0.524203 1
0.9725490196078431 0.954529 0.965896 0.540361 1
0.9764705882352941 0.957896 0.971003 0.556275 1
0.9803921568627451 0.961812 0.975924 0.571925 1
0.984313725490196 0.966249 0.980678 0.587206 1
0.9882352941176471 0.971162 0.985282 0.602154 1
0.9921568627450981 0.976511 0.989753 0.61676 1
0.996078431372549 0.982257 0.994109 0.631017 1
1.0 0.988362 0.998364 0.644924 1
