Gwyddion resource GwyGradient
0.0 0.001462 0.000466 0.013866 1
0.00392156862745098 0.002258 0.001295 0.018331 1
0.00784313725490196 0.003279 0.002305 0.023708 1
0.011764705882352941 0.004512 0.00349 0.029965 1
0.01568627450980392 0.00595 0.004843 0.03713 1
0.0196078431372549 0.007588 0.006356 0.044973 1
0.023529411764705882 0.009426 0.008022 0.052844 1
0.027450980392156862 0.011465 0.009828 0.06075 1
0.03137254901960784 0.013708 0.011771 0.068667 1
0.03529411764705882 0.016156 0.01384 0.076603 1
0.0392156862745098 0.018815 0.016026 0.084584 1
0.043137254901960784 0.021692 0.01832 0.09261 1
0.047058823529411764 0.024792 0.020715 0.100676 1
0.050980392156862744 0.028123 0.023201 0.108787 1
0.054901960784313725 0.031696 0.025765 0.116965 1
0.058823529411764705 0.03552 0.028397 0.125209 1
0.06274509803921569 0.039608 0.03109 0.133515 1
0.06666666666666667 0.04383 0.03383 0.141886 1
0.07058823529411765 0.048062 0.036607 0.150327 1
0.07450980392156863 0.05232 0.039407 0.158841 1
0.0784313725490196 0.056615 0.04216 0.167446 1
0.08235294117647059 0.060949 0.044794 0.176129 1
0.08627450980392157 0.06533 0.047318 0.184892 1
0.09019607843137255 0.069764 0.049726 0.193735 1
0.09411764705882353 0.074257 0.052017 0.20266 1
0.09803921568627451 0.078815 0.054184 0.211667 1
0.10196078431372549 0.083446 0.056225 0.220755 1
0.10588235294117647 0.088155 0.058133 0.229922 1
0.10980392156862745 0.092949 0.059904 0.239164 1
0.11372549019607843 0.097833 0.061531 0.248477 1
0.11764705882352941 0.102815 0.06301 0.257854 1
0.12156862745098039 0.107899 0.064335 0.267289 1
0.12549019607843137 0.113094 0.065492 0.276784 1
0.12941176470588234 0.118405 0.066479 0.286321 1
0.13333333333333333 0.123833 0.067295 0.295879 1
0.13725490196078433 0.12938 0.067935 0.305443 1
0.1411764705882353 0.135053 0.068391 0.315 1
0.14509803921568626 0.140858 0.068654 0.324538 1
0.14901960784313725 0.146785 0.068738 0.334011 1
0.15294117647058825 0.152839 0.068637 0.343404 1
0.1568627450980392 0.159018 0.068354 0.352688 1
0.16078431372549018 0.165308 0.067911 0.361816 1
0.16470588235294117 0.171713 0.067305 0.370771 1
0.16862745098039217 0.178212 0.066576 0.379497 1
0.17254901960784313 0.184801 0.065732 0.387973 1
0.1764705882352941 0.19146 0.064818 0.396152 1
0.1803921568627451 0.198177 0.063862 0.404009 1
0.1843137254901961 0.204935 0.062907 0.411514 1
0.18823529411764706 0.211718 0.061992 0.418647 1
0.19215686274509802 0.218512 0.061158 0.425392 1
0.19607843137254902 0.225302 0.060445 0.431742 1
0.2 0.232077 0.059889 0.437695 1
0.20392156862745098 0.238826 0.059517 0.443256 1
0.20784313725490194 0.245543 0.059352 0.448436 1
0.21176470588235294 0.25222 0.059415 0.453248 1
0.21568627450980393 0.258857 0.059706 0.45771 1
0.2196078431372549 0.265447 0.060237 0.46184 1
0.22352941176470587 0.271994 0.060994 0.46566 1
0.22745098039215686 0.278493 0.061978 0.46919 1
0.23137254901960785 0.284951 0.063168 0.472451 1
0.23529411764705882 0.291366 0.064553 0.475462 1
0.2392156862745098 0.29774 0.066117 0.478243 1
0.24313725490196078 0.304081 0.067835 0.480812 1
0.24705882352941178 0.310382 0.069702 0.483186 1
0.25098039215686274 0.316654 0.07169 0.48538 1
0.2549019607843137 0.322899 0.073782 0.487408 1
0.2588235294117647 0.329114 0.075972 0.489287 1
0.2627450980392157 0.335308 0.078236 0.491024 1
0.26666666666666666 0.341482 0.080564 0.492631 1
0.27058823529411763 0.347636 0.082946 0.494121 1
0.27450980392156865 0.353773 0.085373 0.495501 1
0.2784313725490196 0.359898 0.087831 0.496778 1
0.2823529411764706 0.366012 0.090314 0.49796 1
0.28627450980392155 0.372116 0.092816 0.499053 1
0.2901960784313725 0.378211 0.095332 0.500067 1
0.29411764705882354 0.384299 0.097855 0.501002 1
0.2980392156862745 0.390384 0.100379 0.501864 1
0.30196078431372547 0.396467 0.102902 0.502658 1
0.3058823529411765 0.402548 0.10542 0.503386 1
0.30980392156862746 0.408629 0.10793 0.504052 1
0.3137254901960784 0.414709 0.110431 0.504662 1
0.3176470588235294 0.420791 0.11292 0.505215 1
0.32156862745098036 0.426877 0.115395 0.505714 1
0.3254901960784314 0.432967 0.117855 0.50616 1
0.32941176470588235 0.439062 0.120298 0.506555 1
0.3333333333333333 0.445163 0.122724 0.506901 1
0.33725490196078434 0.451271 0.125132 0.507198 1
0.3411764705882353 0.457386 0.127522 0.507448 1
0.34509803921568627 0.463508 0.129893 0.507652 1
0.34901960784313724 0.46964 0.132245 0.507809 1
0.3529411764705882 0.47578 0.134577 0.507921 1
0.3568627450980392 0.481929 0.136891 0.507989 1
0.3607843137254902 0.488088 0.139186 0.508011 1
0.36470588235294116 0.494258 0.141462 0.507988 1
0.3686274509803922 0.500438 0.143719 0.50792 1
0.37254901960784315 0.506629 0.145958 0.507806 1
0.3764705882352941 0.512831 0.148179 0.507648 1
0.3803921568627451 0.519045 0.150383 0.507443 1
0.38431372549019605 0.52527 0.152569 0.507192 1
0.38823529411764707 0.531507 0.154739 0.506895 1
0.39215686274509803 0.537755 0.156894 0.506551 1
0.396078431372549 0.544015 0.159033 0.506159 1
0.4 0.550287 0.161158 0.505719 1
0.403921568627451 0.556571 0.163269 0.50523 1
0.40784313725490196 0.562866 0.165368 0.504692 1
0.4117647058823529 0.569172 0.167454 0.504105 1
0.4156862745098039 0.57549 0.16953 0.503466 1
0.4196078431372549 0.581819 0.171596 0.502777 1
0.4235294117647059 0.588158 0.173652 0.502035 1
0.42745098039215684 0.594508 0.175701 0.501241 1
0.43137254901960786 0.600868 0.177743 0.500394 1
0.43529411764705883 0.607238 0.179779 0.499492 1
0.4392156862745098 0.613617 0.181811 0.498536 1
0.44313725490196076 0.620005 0.18384 0.497524 1
0.44705882352941173 0.626401 0.185867 0.496456 1
0.45098039215686275 0.632805 0.187893 0.495332 1
0.4549019607843137 0.639216 0.189921 0.49415 1
0.4588235294117647 0.645633 0.191952 0.49291 1
0.4627450980392157 0.652056 0.193986 0.491611 1
0.4666666666666667 0.658483 0.196027 0.490253 1
0.47058823529411764 0.664915 0.198075 0.488836 1
0.4745098039215686 0.671349 0.200133 0.487358 1
0.4784313725490196 0.677786 0.202203 0.485819 1
0.4823529411764706 0.684224 0.204286 0.484219 1
0.48627450980392156 0.690661 0.206384 0.482558 1
0.49019607843137253 0.697098 0.208501 0.480835 1
0.49411764705882355 0.703532 0.210638 0.479049 1
0.4980392156862745 0.709962 0.212797 0.477201 1
0.5019607843137255 0.716387 0.214982 0.47529 1
0.5058823529411764 0.722805 0.217194 0.473316 1
0.5098039215686274 0.729216 0.219437 0.471279 1
0.5137254901960784 0.735616 0.221713 0.46918 1
0.5176470588235293 0.742004 0.224025 0.467018 1
0.5215686274509804 0.748378 0.226377 0.464794 1
0.5254901960784314 0.754737 0.228772 0.462509 1
0.5294117647058824 0.761077 0.231214 0.460162 1
0.5333333333333333 0.767398 0.233705 0.457755 1
0.5372549019607843 0.773695 0.236249 0.455289 1
0.5411764705882353 0.779968 0.238851 0.452765 1
0.5450980392156862 0.786212 0.241514 0.450184 1
0.5490196078431373 0.792427 0.244242 0.447543 1
0.5529411764705883 0.798608 0.24704 0.444848 1
0.5568627450980392 0.804752 0.249911 0.442102 1
0.5607843137254902 0.810855 0.252861 0.439305 1
0.5647058823529412 0.816914 0.255895 0.436461 1
0.5686274509803921 0.822926 0.259016 0.433573 1
0.5725490196078431 0.828886 0.262229 0.430644 1
0.5764705882352941 0.834791 0.26554 0.427671 1
0.580392156862745 0.840636 0.268953 0.424666 1
0.5843137254901961 0.846416 0.272473 0.421631 1
0.5882352941176471 0.852126 0.276106 0.418573 1
0.592156862745098 0.857763 0.279857 0.415496 1
0.596078431372549 0.86332 0.283729 0.412403 1
0.6 0.868793 0.287728 0.409303 1
0.6039215686274509 0.874176 0.291859 0.406205 1
0.6078431372549019 0.879464 0.296125 0.403118 1
0.611764705882353 0.884651 0.30053 0.400047 1
0.615686274509804 0.889731 0.305079 0.397002 1
0.6196078431372549 0.8947 0.309773 0.393995 1
0.6235294117647059 0.899552 0.314616 0.391037 1
0.6274509803921569 0.904281 0.31961 0.388137 1
0.6313725490196078 0.908884 0.324755 0.385308 1
0.6352941176470588 0.913354 0.330052 0.382563 1
0.6392156862745098 0.917689 0.3355 0.379915 1
0.6431372549019607 0.921884 0.341098 0.377376 1
0.6470588235294118 0.925937 0.346844 0.374959 1
0.6509803921568628 0.929845 0.352734 0.372677 1
0.6549019607843137 0.933606 0.358764 0.370541 1
0.6588235294117647 0.937221 0.364929 0.368567 1
0.6627450980392157 0.940687 0.371224 0.366762 1
0.6666666666666666 0.944006 0.377643 0.365136 1
0.6705882352941176 0.94718 0.384178 0.363701 1
0.6745098039215687 0.95021 0.39082 0.362468 1
0.6784313725490196 0.953099 0.397563 0.361438 1
0.6823529411764706 0.955849 0.4044 0.360619 1
0.6862745098039216 0.958464 0.411324 0.360014 1
0.6901960784313725 0.960949 0.418323 0.35963 1
0.6941176470588235 0.96331 0.42539 0.359469 1
0.6980392156862745 0.965549 0.432519 0.359529 1
0.7019607843137254 0.967671 0.439703 0.35981 1
0.7058823529411764 0.96968 0.446936 0.360311 1
0.7098039215686275 0.971582 0.45421 0.36103 1
0.7137254901960784 0.973381 0.46152 0.361965 1
0.7176470588235294 0.975082 0.468861 0.363111 1
0.7215686274509804 0.97669 0.476226 0.364466 1
0.7254901960784313 0.97821 0.483612 0.366025 1
0.7294117647058823 0.979645 0.491014 0.367783 1
0.7333333333333333 0.981 0.498428 0.369734 1
0.7372549019607844 0.982279 0.505851 0.371874 1
0.7411764705882353 0.983485 0.51328 0.374198 1
0.7450980392156863 0.984622 0.520713 0.376698 1
0.7490196078431373 0.985693 0.528148 0.379371 1
0.7529411764705882 0.9867 0.535582 0.38221 1
0.7568627450980392 0.987646 0.543015 0.38521 1
0.7607843137254902 0.988533 0.550446 0.388365 1
0.7647058823529411 0.989363 0.557873 0.391671 1
0.7686274509803921 0.990138 0.565296 0.395122 1
0.7725490196078432 0.990871 0.572706 0.398714 1
0.7764705882352941 0.991558 0.580107 0.402441 1
0.7803921568627451 0.992196 0.587502 0.406299 1
0.7843137254901961 0.992785 0.594891 0.410283 1
0.788235294117647 0.993326 0.602275 0.41439 1
0.792156862745098 0.993834 0.609644 0.418613 1
0.796078431372549 0.994309 0.616999 0.42295 1
0.8 0.994738 0.62435 0.427397 1
0.803921568627451 0.995122 0.631696 0.431951 1
0.807843137254902 0.99548 0.639027 0.436607 1
0.8117647058823529 0.99581 0.646344 0.441361 1
0.8156862745098039 0.996096 0.653659 0.446213 1
0.8196078431372549 0.996341 0.660969 0.45116 1
0.8235294117647058 0.99658 0.668256 0.456192 1
0.8274509803921568 0.996775 0.675541 0.461314 1
0.8313725490196078 0.996925 0.682828 0.466526 1
0.8352941176470589 0.997077 0.690088 0.471811 1
0.8392156862745098 0.997186 0.697349 0.477182 1
0.8431372549019608 0.997254 0.704611 0.482635 1
0.8470588235294118 0.997325 0.711848 0.488154 1
0.8509803921568627 0.997351 0.719089 0.493755 1
0.8549019607843137 0.997351 0.726324 0.499428 1
0.8588235294117647 0.997341 0.733545 0.505167 1
0.8627450980392157 0.997285 0.740772 0.510983 1
0.8666666666666667 0.997228 0.747981 0.516859 1
0.8705882352941177 0.997138 0.75519 0.522806 1
0.8745098039215686 0.997019 0.762398 0.528821 1
0.8784313725490196 0.996898 0.769591 0.534892 1
0.8823529411764706 0.996727 0.776795 0.541039 1
0.8862745098039215 0.996571 0.783977 0.547233 1
0.8901960784313725 0.996369 0.791167 0.553499 1
0.8941176470588235 0.996162 0.798348 0.55982 1
0.8980392156862745 0.995932 0.805527 0.566202 1
0.9019607843137255 0.99568 0.812706 0.572645 1
0.9058823529411765 0.995424 0.819875 0.57914 1
0.9098039215686274 0.995131 0.827052 0.585701 1
0.9137254901960784 0.994851 0.834213 0.592307 1
0.9176470588235294 0.994524 0.841387 0.598983 1
0.9215686274509803 0.994222 0.84854 0.605696 1
0.9254901960784314 0.993866 0.855711 0.612482 1
0.9294117647058824 0.993545 0.862859 0.619299 1
0.9333333333333333 0.99317 0.870024 0.626189 1
0.9372549019607843 0.992831 0.877168 0.633109 1
0.9411764705882353 0.99244 0.88433 0.640099 1
0.9450980392156862 0.992089 0.89147 0.647116 1
0.9490196078431372 0.991688 0.898627 0.654202 1
0.9529411764705882 0.991332 0.905763 0.661309 1
0.9568627450980391 0.99093 0.912915 0.668481 1
0.9607843137254902 0.99057 0.920049 0.675675 1
0.9647058823529412 0.990175 0.927196 0.682926 1
0.9686274509803922 0.989815 0.934329 0.690198 1
0.9725490196078431 0.989434 0.94147 0.697519 1
0.9764705882352941 0.989077 0.948604 0.704863 1
0.9803921568627451 0.988717 0.955742 0.712242 1
0.984313725490196 0.988367 0.962878 0.719649 1
0.9882352941176471 0.988033 0.970012 0.727077 1
0.9921568627450981 0.987691 0.977154 0.734536 1
0.996078431372549 0.987387 0.984288 0.742002 1
1.0 0.987053 0.991438 0.749504 1
