Gwyddion resource GwyGradient
0.0 0.050383 0.029803 0.527975 1
0.00392156862745098 0.063536 0.028426 0.533124 1
0.00784313725490196 0.075353 0.027206 0.538007 1
0.011764705882352941 0.086222 0.026125 0.542658 1
0.01568627450980392 0.096379 0.025165 0.547103 1
0.0196078431372549 0.10598 0.024309 0.551368 1
0.023529411764705882 0.115124 0.023556 0.555468 1
0.027450980392156862 0.123903 0.022878 0.559423 1
0.03137254901960784 0.132381 0.022258 0.56325 1
0.03529411764705882 0.140603 0.021687 0.566959 1
0.0392156862745098 0.148607 0.021154 0.570562 1
0.043137254901960784 0.156421 0.020651 0.574065 1
0.047058823529411764 0.16407 0.020171 0.577478 1
0.050980392156862744 0.171574 0.019706 0.580806 1
0.054901960784313725 0.17895 0.019252 0.584054 1
0.058823529411764705 0.186213 0.018803 0.587228 1
0.06274509803921569 0.193374 0.018354 0.59033 1
0.06666666666666667 0.200445 0.017902 0.593364 1
0.07058823529411765 0.207435 0.017442 0.596333 1
0.07450980392156863 0.21435 0.016973 0.599239 1
0.0784313725490196 0.221197 0.016497 0.602083 1
0.08235294117647059 0.227983 0.016007 0.604867 1
0.08627450980392157 0.234715 0.015502 0.607592 1
0.09019607843137255 0.241396 0.014979 0.610259 1
0.09411764705882353 0.248032 0.014439 0.612868 1
0.09803921568627451 0.254627 0.013882 0.615419 1
0.10196078431372549 0.261183 0.013308 0.617911 1
0.10588235294117647 0.267703 0.012716 0.620346 1
0.10980392156862745 0.274191 0.012109 0.622722 1
0.11372549019607843 0.280648 0.011488 0.625038 1
0.11764705882352941 0.287076 0.010855 0.627295 1
0.12156862745098039 0.293478 0.010213 0.62949 1
0.12549019607843137 0.299855 0.009561 0.631624 1
0.12941176470588234 0.30621 0.008902 0.633694 1
0.13333333333333333 0.312543 0.008239 0.6357 1
0.13725490196078433 0.318856 0.007576 0.63764 1
0.1411764705882353 0.32515 0.006915 0.639512 1
0.14509803921568626 0.331426 0.006261 0.641316 1
0.14901960784313725 0.337683 0.005618 0.643049 1
0.15294117647058825 0.343925 0.004991 0.64471 1
0.1568627450980392 0.35015 0.004382 0.646298 1
0.16078431372549018 0.356359 0.003798 0.64781 1
0.16470588235294117 0.362553 0.003243 0.649245 1
0.16862745098039217 0.368733 0.002724 0.650601 1
0.17254901960784313 0.374897 0.002245 0.651876 1
0.1764705882352941 0.381047 0.001814 0.653068 1
0.1803921568627451 0.387183 0.001434 0.654177 1
0.1843137254901961 0.393304 0.001114 0.655199 1
0.18823529411764706 0.399411 0.000859 0.656133 1
0.19215686274509802 0.405503 0.000678 0.656977 1
0.19607843137254902 0.41158 0.000577 0.65773 1
0.2 0.417642 0.000564 0.65839 1
0.20392156862745098 0.423689 0.000646 0.658956 1
0.20784313725490194 0.429719 0.000831 0.659425 1
0.21176470588235294 0.435734 0.001127 0.659797 1
0.21568627450980393 0.441732 0.00154 0.660069 1
0.2196078431372549 0.447714 0.00208 0.66024 1
0.22352941176470587 0.453677 0.002755 0.66031 1
0.22745098039215686 0.459623 0.003574 0.660277 1
0.23137254901960785 0.46555 0.004545 0.660139 1
0.23529411764705882 0.471457 0.005678 0.659897 1
0.2392156862745098 0.477344 0.00698 0.659549 1
0.24313725490196078 0.48321 0.00846 0.659095 1
0.24705882352941178 0.489055 0.010127 0.658534 1
0.25098039215686274 0.494877 0.01199 0.657865 1
0.2549019607843137 0.500678 0.014055 0.657088 1
0.2588235294117647 0.506454 0.016333 0.656202 1
0.2627450980392157 0.512206 0.018833 0.655209 1
0.26666666666666666 0.517933 0.021563 0.654109 1
0.27058823529411763 0.523633 0.024532 0.652901 1
0.27450980392156865 0.529306 0.027747 0.651586 1
0.2784313725490196 0.534952 0.031217 0.650165 1
0.2823529411764706 0.54057 0.03495 0.64864 1
0.28627450980392155 0.546157 0.038954 0.64701 1
0.2901960784313725 0.551715 0.043136 0.645277 1
0.29411764705882354 0.557243 0.047331 0.643443 1
0.2980392156862745 0.562738 0.051545 0.641509 1
0.30196078431372547 0.568201 0.055778 0.639477 1
0.3058823529411765 0.573632 0.060028 0.637349 1
0.30980392156862746 0.579029 0.064296 0.635126 1
0.3137254901960784 0.584391 0.068579 0.632812 1
0.3176470588235294 0.589719 0.072878 0.630408 1
0.32156862745098036 0.595011 0.07719 0.627917 1
0.3254901960784314 0.600266 0.081516 0.625342 1
0.32941176470588235 0.605485 0.085854 0.622686 1
0.3333333333333333 0.610667 0.090204 0.619951 1
0.33725490196078434 0.615812 0.094564 0.61714 1
0.3411764705882353 0.620919 0.098934 0.614257 1
0.34509803921568627 0.625987 0.103312 0.611305 1
0.34901960784313724 0.631017 0.107699 0.608287 1
0.3529411764705882 0.636008 0.112092 0.605205 1
0.3568627450980392 0.640959 0.116492 0.602065 1
0.3607843137254902 0.645872 0.120898 0.598867 1
0.36470588235294116 0.650746 0.125309 0.595617 1
0.3686274509803922 0.65558 0.129725 0.592317 1
0.37254901960784315 0.660374 0.134144 0.588971 1
0.3764705882352941 0.665129 0.138566 0.585582 1
0.3803921568627451 0.669845 0.142992 0.582154 1
0.38431372549019605 0.674522 0.147419 0.578688 1
0.38823529411764707 0.67916 0.151848 0.575189 1
0.39215686274509803 0.683758 0.156278 0.57166 1
0.396078431372549 0.688318 0.160709 0.568103 1
0.4 0.69284 0.165141 0.564522 1
0.403921568627451 0.697324 0.169573 0.560919 1
0.40784313725490196 0.701769 0.174005 0.557296 1
0.4117647058823529 0.706178 0.178437 0.553657 1
0.4156862745098039 0.710549 0.182868 0.550004 1
0.4196078431372549 0.714883 0.187299 0.546338 1
0.4235294117647059 0.719181 0.191729 0.542663 1
0.42745098039215684 0.723444 0.196158 0.538981 1
0.43137254901960786 0.72767 0.200586 0.535293 1
0.43529411764705883 0.731862 0.205013 0.531601 1
0.4392156862745098 0.736019 0.209439 0.527908 1
0.44313725490196076 0.740143 0.213864 0.524216 1
0.44705882352941173 0.744232 0.218288 0.520524 1
0.45098039215686275 0.748289 0.222711 0.516834 1
0.4549019607843137 0.752312 0.227133 0.513149 1
0.4588235294117647 0.756304 0.231555 0.509468 1
0.4627450980392157 0.760264 0.235976 0.505794 1
0.4666666666666667 0.764193 0.240396 0.502126 1
0.47058823529411764 0.76809 0.244817 0.498465 1
0.4745098039215686 0.771958 0.249237 0.494813 1
0.4784313725490196 0.775796 0.253658 0.491171 1
0.4823529411764706 0.779604 0.258078 0.487539 1
0.48627450980392156 0.783383 0.2625 0.483918 1
0.49019607843137253 0.787133 0.266922 0.480307 1
0.49411764705882355 0.790855 0.271345 0.476706 1
0.4980392156862745 0.794549 0.27577 0.473117 1
0.5019607843137255 0.798216 0.280197 0.469538 1
0.5058823529411764 0.801855 0.284626 0.465971 1
0.5098039215686274 0.805467 0.289057 0.462415 1
0.5137254901960784 0.809052 0.293491 0.45887 1
0.5176470588235293 0.812612 0.297928 0.455338 1
0.5215686274509804 0.816144 0.302368 0.451816 1
0.5254901960784314 0.819651 0.306812 0.448306 1
0.5294117647058824 0.823132 0.311261 0.444806 1
0.5333333333333333 0.826588 0.315714 0.441316 1
0.5372549019607843 0.830018 0.320172 0.437836 1
0.5411764705882353 0.833422 0.324635 0.434366 1
0.5450980392156862 0.836801 0.329105 0.430905 1
0.5490196078431373 0.840155 0.33358 0.427455 1
0.5529411764705883 0.843484 0.338062 0.424013 1
0.5568627450980392 0.846788 0.342551 0.420579 1
0.5607843137254902 0.850066 0.347048 0.417153 1
0.5647058823529412 0.853319 0.351553 0.413734 1
0.5686274509803921 0.856547 0.356066 0.410322 1
0.5725490196078431 0.85975 0.360588 0.406917 1
0.5764705882352941 0.862927 0.365119 0.403519 1
0.580392156862745 0.866078 0.36966 0.400126 1
0.5843137254901961 0.869203 0.374212 0.396738 1
0.5882352941176471 0.872303 0.378774 0.393355 1
0.592156862745098 0.875376 0.383347 0.389976 1
0.596078431372549 0.878423 0.387932 0.3866 1
0.6 0.881443 0.392529 0.383229 1
0.6039215686274509 0.884436 0.397139 0.37986 1
0.6078431372549019 0.887402 0.401762 0.376494 1
0.611764705882353 0.89034 0.406398 0.37313 1
0.615686274509804 0.89325 0.411048 0.369768 1
0.6196078431372549 0.896131 0.415712 0.366407 1
0.6235294117647059 0.898984 0.420392 0.363047 1
0.6274509803921569 0.901807 0.425087 0.359688 1
0.6313725490196078 0.904601 0.429797 0.356329 1
0.6352941176470588 0.907365 0.434524 0.35297 1
0.6392156862745098 0.910098 0.439268 0.34961 1
0.6431372549019607 0.9128 0.444029 0.346251 1
0.6470588235294118 0.915471 0.448807 0.34289 1
0.6509803921568628 0.918109 0.453603 0.339529 1
0.6549019607843137 0.920714 0.458417 0.336166 1
0.6588235294117647 0.923287 0.463251 0.332801 1
0.6627450980392157 0.925825 0.468103 0.329435 1
0.6666666666666666 0.928329 0.472975 0.326067 1
0.6705882352941176 0.930798 0.477867 0.322697 1
0.6745098039215687 0.933232 0.48278 0.319325 1
0.6784313725490196 0.93563 0.487712 0.315952 1
0.6823529411764706 0.93799 0.492667 0.312575 1
0.6862745098039216 0.940313 0.497642 0.309197 1
0.6901960784313725 0.942598 0.502639 0.305816 1
0.6941176470588235 0.944844 0.507658 0.302433 1
0.6980392156862745 0.947051 0.512699 0.299049 1
0.7019607843137254 0.949217 0.517763 0.295662 1
0.7058823529411764 0.951344 0.52285 0.292275 1
0.7098039215686275 0.953428 0.52796 0.288883 1
0.7137254901960784 0.95547 0.533093 0.28549 1
0.7176470588235294 0.957469 0.53825 0.282096 1
0.7215686274509804 0.959424 0.543431 0.278701 1
0.7254901960784313 0.961336 0.548636 0.275305 1
0.7294117647058823 0.963203 0.553865 0.271909 1
0.7333333333333333 0.965024 0.559118 0.268513 1
0.7372549019607844 0.966798 0.564396 0.265118 1
0.7411764705882353 0.968526 0.5697 0.261721 1
0.7450980392156863 0.970205 0.575028 0.258325 1
0.7490196078431373 0.971835 0.580382 0.254931 1
0.7529411764705882 0.973416 0.585761 0.25154 1
0.7568627450980392 0.974947 0.591165 0.248151 1
0.7607843137254902 0.976428 0.596595 0.244767 1
0.7647058823529411 0.977856 0.602051 0.241387 1
0.7686274509803921 0.979233 0.607532 0.238013 1
0.7725490196078432 0.980556 0.613039 0.234646 1
0.7764705882352941 0.981826 0.618572 0.231287 1
0.7803921568627451 0.983041 0.624131 0.227937 1
0.7843137254901961 0.984199 0.629718 0.224595 1
0.788235294117647 0.985301 0.63533 0.221265 1
0.792156862745098 0.986345 0.640969 0.217948 1
0.796078431372549 0.987332 0.646633 0.214648 1
0.8 0.98826 0.652325 0.211364 1
0.803921568627451 0.989128 0.658043 0.2081 1
0.807843137254902 0.989935 0.663787 0.204859 1
0.8117647058823529 0.990681 0.669558 0.201642 1
0.8156862745098039 0.991365 0.675355 0.198453 1
0.8196078431372549 0.991985 0.681179 0.195295 1
0.8235294117647058 0.992541 0.68703 0.19217 1
0.8274509803921568 0.993032 0.692907 0.189084 1
0.8313725490196078 0.993456 0.69881 0.186041 1
0.8352941176470589 0.993814 0.704741 0.183043 1
0.8392156862745098 0.994103 0.710698 0.180097 1
0.8431372549019608 0.994324 0.716681 0.177208 1
0.8470588235294118 0.994474 0.722691 0.174381 1
0.8509803921568627 0.994553 0.728728 0.171622 1
0.8549019607843137 0.994561 0.734791 0.168938 1
0.8588235294117647 0.994495 0.74088 0.166335 1
0.8627450980392157 0.994355 0.746995 0.163821 1
0.8666666666666667 0.994141 0.753137 0.161404 1
0.8705882352941177 0.993851 0.759304 0.159092 1
0.8745098039215686 0.993482 0.765499 0.156891 1
0.8784313725490196 0.993033 0.77172 0.154808 1
0.8823529411764706 0.992505 0.777967 0.152855 1
0.8862745098039215 0.991897 0.784239 0.151042 1
0.8901960784313725 0.991209 0.790537 0.149377 1
0.8941176470588235 0.990439 0.796859 0.14787 1
0.8980392156862745 0.989587 0.803205 0.146529 1
0.9019607843137255 0.988648 0.809579 0.145357 1
0.9058823529411765 0.987621 0.815978 0.144363 1
0.9098039215686274 0.986509 0.822401 0.143557 1
0.9137254901960784 0.985314 0.828846 0.142945 1
0.9176470588235294 0.984031 0.835315 0.142528 1
0.9215686274509803 0.982653 0.841812 0.142303 1
0.9254901960784314 0.98119 0.848329 0.142279 1
0.9294117647058824 0.979644 0.854866 0.142453 1
0.9333333333333333 0.977995 0.861432 0.142808 1
0.9372549019607843 0.976265 0.868016 0.143351 1
0.9411764705882353 0.974443 0.874622 0.144061 1
0.9450980392156862 0.97253 0.88125 0.144923 1
0.9490196078431372 0.970533 0.887896 0.145919 1
0.9529411764705882 0.968443 0.894564 0.147014 1
0.9568627450980391 0.966271 0.901249 0.14818 1
0.9607843137254902 0.964021 0.90795 0.14937 1
0.9647058823529412 0.961681 0.914672 0.15052 1
0.9686274509803922 0.959276 0.921407 0.151566 1
0.9725490196078431 0.956808 0.928152 0.152409 1
0.9764705882352941 0.954287 0.934908 0.152921 1
0.9803921568627451 0.951726 0.941671 0.152925 1
0.984313725490196 0.949151 0.948435 0.152178 1
0.9882352941176471 0.946602 0.95519 0.150328 1
0.9921568627450981 0.944152 0.961916 0.146861 1
0.996078431372549 0.941896 0.96859 0.140956 1
1.0 0.940015 0.975158 0.131326 1
